0.1071194
0.08533648
0.0657487
0
0
0
1
0.9799869
0.9594744
0.9431159
0.922916
0.8599146
0.8204056
0.7141291
0.5807081
0.4915401
0.4100183
0.2186188
0.1179409
0
0
0.1132995
0.1071428
0.07490709
0.01735704
0
0
0
0.4194389
0.404299
0.3571113
0.3184407
0.2306188
0.1658993
0.03758898
0
0.779788
0.7718708
0.7378845
0.7066917
0.6322407
0.5763783
0.52325
0.9236681
0.9041895
0.8812853
0.8212417
0.7747965
0.6747119
0.6009165
0.5343673
0.3682245
0.1871331
0.06961975
0.01840273
0.1146943
0.1021399
0.05215006
0.9728572
0.9649965
0.951323
0.9034617
0.8307086
0.7758464
0.6619162
0.5831261
0.9421034
0.9262925
0.9059946
0.8430337
0.7557358
0.6932151
0.5653674
0.4753604
0.9742413
0.9934393
0.9611235
0.9302913
0.8555434
0.8007199
0.6864823
0.6295659
1
0.98013
0.9350761
0.8940241
0.8544553
0.7494558
0.6210726
0.533531
0.3656878
0.3047264
0.2985383
0.2630841
0.20335
0.1572245
0.3515782
0.5420958
0.5358316
0.502894
0.4445019
0.5314505
0.4979595
0.46655
0.4331886
0.3443269
0.230787
0.1496878
0
0
0
0
0
0
0
0
0
0
0
0.4050174
0.3920411
0.3447286
0.3126825
0.2221382
0.1110027
0.03433035
0.5488772
0.8613937
0.8424129
0.8193241
0.7589457
0.709717
0.6625313
0.5459552
0.8213398
0.8136683
0.7789105
0.7468097
0.6710758
0.6158043
0.5000728
0.4207903
1
0.9935294
0.9808844
0.931808
0.8993687
0.8107085
0.6998922
0.6340864
0.4940363
0.4046594
0.2302085
0.1263768
0
0
0
0
0
0
0
0
0
0
0
0.07388314
0.694591
0.8382726
0.7966805
0.771863
0.7392781
0.6590883
0.5580362
0.4956501
0.2791976
0.1942588
0
0
0
0
0.05818947
0.05632703
0.01660998
0
0
0
0
0
0.6139879
0.7191649
0.6789815
0.6548305
0.5855016
0.5426053
0.4900847
0.4968805
0.4749141
0.4559129
0.3626291
0.3194553
0.2122625
0.1509329
0.07741839
0
0
0
0
0
0
0
0
0.1048382
0.08310053
0.06424368
0
0
0
0
0.04436612
1
0.9807259
0.9740798
0.9225291
0.869974
0.7907532
0.7397869
0.7231343
0.7009198
0.6574576
0.6265636
0.550091
0.5008364
0.3878021
0.3193341
0.1974487
0.1756655
0.1325892
0.1020535
0.02456825
0
0.1066638
0.7943491
0.7726232
0.7285569
0.6633765
0.6209139
0.4594587
0.393353
0.7631491
0.7504661
0.7302957
0.6734627
0.5954221
0.5452536
0.3661192
0.293827
0.6740358
0.6615913
0.6416552
0.5852332
0.5071053
0.455248
0.2732969
0.2007399
0.9932524
1
0.99306
0.9599842
0.9052811
0.8661857
0.721958
0.6606265
0.5163161
0.434241
0.3437655
0.16253
0.1044218
0.0977868
0.3074448
0.4642494
0.5816228
0.5686126
0.5485042
0.4915817
0.4124583
0.3626996
0.1815462
0.1089072
0
0
0
0
0
0
0
0
0
0
0
0
0
0.2295492
0.2081839
0.1897244
0.09743884
0.05511118
0.003970358
0
0
0.751993
0.7306804
0.712356
0.6211222
0.5791783
0.5286236
0.4157876
0.5722907
0.6868318
0.6464149
0.6218234
0.5504614
0.506775
0.4536318
0.3390109
0.2009188
0.2343822
0.1944612
0.1704919
0.100528
0.05758683
0.006200156
0
0
0
0
0
0
0
0
0
0.5776898
0.734432
0.7201707
0.7072548
0.6608387
0.6289433
0.5886702
0.4954377
0.3793301
0.3085573
0.06865267
0
0
0
0
0
0
0
0.3225752
0.3163765
0.2837819
0.258814
0.2251908
0.627862
0.6059518
0.5873362
0.4939855
0.4516755
0.339568
0.2776127
0.8583737
0.9209934
0.8995013
0.8807437
0.7885437
0.7464393
0.6359394
0.573851
0.8938122
0.8722463
0.8289113
0.7980983
0.6723265
0.6186463
0.487824
0.4157139
0.3318683
0.1604983
0
0
0
0
1
1
0.9931921
0.9594363
0.9029344
0.8648174
0.7750448
0.7185619
1
1
0.9929656
0.958493
0.9023901
0.8645397
0.77301
0.7158722
0.7224383
0.7098177
0.6897997
0.6325605
0.5480132
0.496491
0.7052212
1
0.99338
0.9806136
0.9584934
0.898136
0.8157243
0.7633865
0.6470758
0.5692342
0.4181342
0.3242075
0.1375687
0.09102559
0.06893409
0.05796377
0.05796377
0.8229864
0.9082128
0.8857921
0.8857921
0.83944
0.7269954
0.7269954
0.6287126
0.507688
0.4856019
0.4666905
0.4103937
0.3318318
0.2316269
0.750348
1
1
0.9786198
0.9593437
0.902563
0.8238623
0.7240766
0.6612519
0.5291434
0.4480452
0.2824324
0.2697751
0.2493788
0.1910322
0.1868362
0.393966
0.6724175
0.6596387
0.6123354
0.5802718
0.5384722
0.444782
0.4038868
0.3968199
0.3370864
0.3062302
0.2214295
0.171972
0.1122641
0
0
0
0
0
0
0
0
0.253273
0.2314267
0.212606
0.117887
0.07413357
0
0
0
0.5080891
0.9794022
0.9725335
0.9381898
0.9124661
0.7988353
0.7494769
0.690273
0.7676654
0.743969
0.7247505
0.6687049
0.6306178
0.4841565
0.4229952
0.3522973
0.7195626
0.6976986
0.6787242
0.5841111
0.5416398
0.4288658
0.3673646
0.3655274
0.3439844
0.2997864
0.2683261
0.1913531
0.1371124
0
0.6177133
0.9654028
0.9438192
0.8968419
0.8656703
0.7871006
0.7369931
0.5773945
0.5711281
0.7001256
0.6782179
0.6322371
0.6000939
0.5221339
0.4715932
0.8393587
0.8329325
0.8191357
0.7735737
0.7058593
0.661171
0.5589575
0.489201
0.2706244
0.1848273
0.09279013
0.07082655
0.02747027
0
0
0
0
0
0
0
0
0
0
0
0
0
0
0
0
0
0
0
0.03297234
0.02678104
0.01337958
0
0
0
0
0
0
0
0
0
0
0
0
0
0
0
0
0
0
0.8398216
0.9175253
0.9108499
0.877054
0.8515133
0.7824149
0.6920245
0.5798688
0.5072115
0.3621715
0.2730199
0.3230491
0.3168766
0.303389
0.2575057
0.7852405
0.8936728
0.8710904
0.8504038
0.7540174
0.7148662
0.7078031
0.6730065
0.9166112
0.9093371
0.8752702
0.8490589
0.7347628
0.6854976
0.6253161
0.4858043
1
1
0.9948781
0.9878852
0.9271832
0.8961263
0.8567309
0.7625181
1
1
0.9773424
0.9569677
0.8623991
0.8196946
0.7666651
0.6519614
0.5155826
0.4304036
0.2615275
0.160007
0.04915516
0.03634283
0.09825238
0.4388134
0.6659718
0.6591448
0.6251499
0.5990219
0.4856368
0.4369346
0.431269
0.4092493
0.3647448
0.3325016
0.2037923
0.1491803
0.01486454
0
0
0
0
0
0
0
0.2608565
0.8943911
0.8868089
0.8517181
0.7945473
0.7550343
0.663341
0.6050712
0.4026632
0.9468275
1
0.9780746
0.9341044
0.9027546
0.8246887
0.7741578
0.9571145
0.9508795
0.9370442
0.8908896
0.8223796
0.7778609
0.6118596
0.5450113
0.4664825
0.5002306
0.5260959
0.5036961
0.4594922
0.4280529
0.3487777
0.297152
0.8560013
0.8430734
0.8223577
0.7641626
0.6835247
0.6315286
0.5168459
0.4459019
0.9294178
0.9230519
0.9093115
0.8627644
0.7941028
0.7479161
0.6448879
0.6165488
0.7114882
0.7114882
0.6998299
0.6494516
0.6494516
0.9501219
0.9270273
0.9341313
0.9347944
0.9129841
0.8934554
0.7973762
0.7540258
0.6421614
0.579739
0.4289366
0.3474261
0.1538803
0
0
0
0
0
0
0
0
0
0
0
0
0
0
0
0
0
0
0
0
0
0
0
0
0
0
0
0
0
0
0
0
0
0
0
0
0
0
0
0
1
0.9915487
0.9775071
0.9282188
0.8534675
0.7981213
0.6829776
0.6023478
0.5292626
0.3549461
0.15837
0.02644401
0
0
0
0.9548492
0.9351022
0.9931416
0.9804127
0.9330218
0.8580709
0.8017496
0.7475105
0.9229388
0.9102893
0.8633772
0.7904474
0.7356243
0.6200913
0.5409414
0.4684432
1
0.9808453
0.9931573
0.9603041
0.9293481
0.8967741
0.8077424
0.8907159
0.9933146
0.9753242
0.9593846
0.9390588
0.8759821
0.7875532
0.7242933
0.5947601
0.5056252
0.4254972
0.2363995
0.02479892
0
0
0.6596453
0.6534255
0.6187637
0.5595835
0.5128967
0.4670796
0.3502815
0.2109022
0.1172907
0
0
0
0
0
0
0.9185072
0.9101312
0.896073
0.8456007
0.7709457
0.7156243
0.6624582
0.5302041
0.3728584
0.2681497
0.1737953
0
0.3888414
0.3731717
0.3247029
0.4269762
0.8401651
0.8566517
0.8234297
0.7915331
0.7584884
0.6689203
0.5548957
0.9498294
0.930302
0.9065216
0.8797302
0.8026188
0.6977999
0.6324926
0.4959805
0.4134648
0.2457022
0.1445035
0.1230565
0.1161405
0.08151118
0.02520213
0.6469261
0.6416076
0.6197439
0.600652
0.5447543
0.5051047
0.4129005
0.29807
0.7821605
0.7752187
0.7408574
0.7145724
0.599217
0.5664673
0.5580452
0.5215037
0.9903871
1
0.9772061
0.9576959
0.9009845
0.8621231
0.7686483
0.6495631
1
0.9770339
0.9770339
0.9307979
0.8168078
0.8168078
0.7144864
0.5183186
0.5183186
0.4351591
0.3872714
0.3833773
0.3762024
0.3409105
0.283661
0.283661
0.3281767
0.302929
0.2572914
0.2243561
0.2094217
0.2141148
0.6723933
0.6501461
0.6067075
0.5744264
0.4942623
0.4440846
0.2627939
0.7688612
0.7619221
0.7277596
0.6712831
0.632766
0.541619
0.4843666
0.2787227
0.6927503
0.6849499
0.6496851
0.7058792
0.8084893
0.8084893
0.7858634
0.7400346
0.8929582
1
0.9949541
0.9882766
0.9283617
0.8971177
0.8118705
1
0.9778875
0.95787
0.8941824
0.8546754
0.7488197
0.6883569
0.5426862
0.460446
0.2706942
0.1392145
0.1309024
0.1166644
0.06764484
0.03715875
0.6693371
0.662796
0.6268713
0.5997707
0.5220863
0.4753835
0.3612078
0.6598313
0.985181
0.9721443
0.9232512
0.8898477
0.7999393
0.6837636
0.6012869
0.5264012
1
0.9934062
0.9582052
0.9314754
0.854695
0.8079079
0.6889815
0.6218355
0.9815115
0.9472023
0.9141044
0.8794515
0.7848963
0.7301806
0.5957468
0.5206411
0.346506
0.1498276
0.02044774
0.02044774
0
0
0
0
0
0
0
0
0
0
0
0
0
0
0
0
0
0
0
0
0
