0.06349915
0
0
0
0
0
0
0
0
0
0
0
0
0
0
0
0
0
0
0.6089692
0.7967094
0.7839199
0.763973
0.7079554
0.6305083
0.5813797
0.3993533
0.3268833
0.1612566
0.07036918
0
0
0
0
0
0
0
0
0
0
0
0.5549026
0.7655237
0.7529705
0.7075227
0.6758332
0.6367055
0.5451041
0.3635623
0.2891719
0.1181337
0.02584283
0
0
0
0
0.008264065
0.1318337
0.1117586
0.1054864
0.1015199
0.146773
0.1394174
0.1054274
0.1761208
0.169888
0.138604
0.1235185
0.2284872
0.2332101
0.2453017
0.2243381
0.1525155
0.1169935
0.02758301
0
0
0
0
0
0
0
0
0
0.1182716
0.2007157
0.2699567
1
1
0.978852
0.9605449
0.8699367
0.8281389
0.7244375
0.6642409
0.5243176
0.3590463
0.2517347
0.047747
0
0
0
0
0
0
0
0
0
0
0
0
0
0
0
0.04488285
0.03772257
0.0466172
0.06907407
0.0483371
0.02466677
0
0
0
0
0
0
0
0
0
0
0
0
0.7834253
0.7756278
0.7424999
0.7124177
0.6386958
0.5856275
0.472364
0.3967012
0.2462969
0.1473008
0
0
0
0
0
0
0
0
0
0
0
0
0
1
1
0.993495
0.9612037
0.9072687
0.8722474
0.732708
0.6727477
0.5340862
0.4560049
0.3697525
0.1921971
0.1519359
0.1393052
0.09602778
0.06507619
0
0
0
0
0
0
0
0
0
0
0
0
0
0
0
0
0
0
0
0
0
0
0
0
0
0
0
0
0
0.4386563
1
0.9927405
0.9591447
0.9278819
0.853247
0.7994961
0.686397
0.6095581
0.4566496
0.3576182
0.1631867
0.03817818
0
0
0
0
0
0
0
0
0
0
0.3482129
0.7261825
0.9488938
1
0.9811566
0.9589825
0.9009452
0.8564595
0.7505378
0.6829664
0.5447207
0.4509587
0.2715202
0.1556369
0
0
0.01558066
0.007115414
0
0
0
0
0
0
0
0
0
0
0
0
0.02557993
0.01820228
0
0
0
0
0
0
0
0
0
0.04648781
0.02779132
0.01477909
0.0048167
0.1893945
1
1
0.9828357
0.9434308
0.9157037
0.7996383
0.7478623
0.6266612
0.4790817
0.3805742
0.195343
0.07719669
0
0
0
0
0
0
0
0
0
0
0
0
0
0
0
0
0
0
0
0
0
0
0
0
0
0
0
0
0
0
0
0
0
0.5588816
0.6116452
0.6588052
0.6463158
0.6034645
0.5295475
0.4782021
0.3670439
0.2924021
0.1435126
0.04404058
0
0
0
0
0
0
0
0
0
0
0
0
0.9997991
0.993971
0.9635308
0.9345436
0.8648414
0.8140148
0.6961933
0.6217989
0.4738876
0.3770281
0.1859073
0.06459624
0
0
0
0
0
0
0
0
0
0
0
0
0
0
0
0
0
0
0
0
0
0
0
0
0
0
0
0
0
0
0
0
0
0
0.6196699
0.6124101
0.576449
0.5456745
0.4715564
0.417488
0.3028891
0.2269323
0.06115342
0
0
0
0
0
0
0
0
0
0
0
0
0
0.6525743
0.6381149
0.5919181
0.5534162
0.4599163
0.3991434
0.2692762
0.1821873
0.01497936
0
0
0
0
0
0
0
0
0
0
0
0
0
0
0
0
0
0
0
0
0
0
0
0
0
0
0
0
0
0
0
0
0
0
0
0
0
1
0.9935958
0.9886157
0.9503165
0.926462
0.8599631
0.817569
0.7110701
0.6489325
0.578921
0.4314348
0.3857425
0.3733363
0.3281835
0.2956278
0.210962
0.1607927
0.154047
0.1209478
0.130091
0.1235766
0.06733343
0.03684122
0.1713352
0.2496107
0.2366328
0.1918994
0.1613225
0.2038448
0.1977328
0.1842431
0.1776968
0.1463729
0.1236728
0.1134129
0.09287988
0.06942835
0.5493338
0.9158974
0.8965704
0.8742859
0.8160372
0.7720965
0.6729884
0.6048568
0.8984768
0.8839151
0.838034
0.8000906
0.7075633
0.6467632
0.52143
0.4389532
0.2746277
0.164096
0.1079179
0.09204887
0.04452405
0.004991188
0
0
0
0
0
0
0
0
0
1
1
0.9927375
0.9553599
0.9225118
0.8469644
0.7901391
0.73482
0.6059769
0.451946
0.3527627
0.4632208
0.4558095
0.4227406
0.3931804
0.3210793
0.2675036
0.1525901
0.07622976
0.05312793
0.0321448
0
0
0.1974561
0.183136
0.1379268
0.1002915
0.05897484
0.04309891
0.0374678
0.09554499
0.06475655
0.05927941
0.02738392
0
0
0
0
0.9947722
0.9882721
0.9542697
0.8968292
0.8514791
0.7516811
0.6824441
0.5436035
0.4499428
0.2736366
0.1554025
0
0
0
0
0
0
0
0
0
0
0
0
0
0
0
0
0
0
0.5441473
1
1
0.9792147
0.9616166
0.9085577
0.873794
0.7379774
0.6778615
0.6128596
0.4707876
0.3105801
0.2163796
0
0
0
0
0
0
0
0
0
0
0.03935941
0.3315197
0.3872406
0.3662648
0.2937857
0.2586685
0.1699096
0.1159081
0.689582
0.6708313
0.6522158
0.5974082
0.5618586
0.475098
0.4214592
0.2293476
0.5584453
0.8663303
0.8352629
0.8065323
0.7367547
0.6856785
0.5682722
0.494489
1
1
0.9795896
0.957275
0.8983982
0.8527991
0.7535821
0.6864682
0.5383781
0.4466335
0.2874982
0.2805296
0.2449278
0.2725039
0.2423401
0.2143201
0.1448355
0.168772
0.1352497
0.1267081
0.09579968
0.06780965
0
0.1457254
0.1999127
0.1853489
0.1407259
0.1034215
0.01039802
0
0.09192538
0.2992078
0.26856
0.2393172
0.1691857
0.1168486
0
0
0.8959955
0.8819123
0.8327388
0.7949361
0.7095978
0.6499207
0.9773241
0.9910214
0.9607003
0.9326569
0.8639647
0.8114808
0.6926212
0.6194546
0.4703371
0.3717887
0.1846863
0.06579113
0.006151316
0.07275068
0.04235926
0.07222332
0.03850743
0.009519136
0
0
0
0
0
0
1
0.9929097
0.9565589
0.9259215
0.8521594
0.7975839
0.6860999
0.6109731
0.446321
0.3459398
0.2521741
0.2415714
0.2231237
0.4935027
0.4630011
0.4348514
0.35965
0.3085015
0.1981075
0.1243749
0.1597603
0.1522832
0.1132222
0.1290333
0.1085856
0.09091177
0.0389613
0.004069914
0.1537305
0.1474132
0.1156624
0.063448
0.02827055
0
0
0
0
0
0.8560767
0.8356053
0.8180746
0.7317393
0.6444785
0.5838667
0.4563928
0.3839212
0.2324837
0.1436839
0
0
0
0
0
0
0
0
0
0
0
0
0
0
0
0
0
0
0.04212197
0.914623
0.9934548
0.9616865
0.9327464
0.8558756
0.8038349
0.6930336
0.6192408
0.456381
0.3570046
0.1666481
0.0469632
0
0
0
0
0
0
0
0
0
0
0
0
0
0
0.1201127
0.1131211
0.07713684
0.04665483
0
0
0
0
0
0
0
0
0.2960347
0.5454797
0.5263211
0.5044004
0.4458133
0.4010565
0.3514592
0.2390846
0.9998244
0.9941232
0.9636294
0.9348466
0.8655179
0.8153413
0.6969925
0.6231295
0.4754944
0.3830821
0.4055485
0.4690644
0.4387281
0.4096374
0.3338838
0.3880049
0.3576505
0.3296576
0.2543871
0.2021519
0.09177941
0.01869845
0
0.1061707
0.1030158
0.09600383
0.06319927
0.03981853
0.02153761
0.00021395
0
0.003167351
0
0
0
0
0
0.05647876
0.8927173
0.8854098
0.8512244
0.8202769
0.7462748
0.6921927
0.5819448
0.7786531
0.7581748
0.7343308
0.6736053
0.6279807
0.5284282
0.460146
0.3214913
0.2313047
0.04809497
0
0
0
0
0
0
0
0
0
0
0
0
0
0
0.8369732
0.9805201
0.9677703
0.9243394
0.8934424
0.8136615
0.7067906
0.6448233
0.5106083
0.4315231
0.2701937
0.2638645
0.2080854
0.187734
0.1954573
0.177194
0.1551075
0.1058427
0.09742007
0.06295621
0.2224163
0.1915489
0.1627979
0.08677442
0.03448107
0
0.06455183
0.04598356
0.2095791
0.1777882
0.1482288
0.07436034
0.02239676
0.01792778
0.01574272
0
0
0
0.1235668
0.08927564
0.05949052
0
0
0
0
0
0.1298045
0.09861639
0.1358756
0.1055902
0.0758334
0.006159858
0
0
0
0
0
0
0
0
0
0
0
0
0
0
0
0.9907115
0.9940602
0.9597861
0.9293928
0.8571432
0.8052421
0.6937773
0.6152151
0.4644282
0.3670179
0.1610709
0.1292276
0.1222911
0.09105118
0.02935767
0.04233762
0.04422116
0.3382342
0.3077267
0.2788336
0.2087886
0.1570133
0.03754941
0.2675216
0.2759196
0.2612762
0.2155634
0.1780456
0.08669326
0.1222335
0.549189
0.5419715
0.5096807
0.4799198
0.4066736
0.3533906
0.237279
0.1614826
0.8275262
0.8874778
0.8568041
0.828171
0.7575359
0.7052428
0.5919679
0.5180341
1
0.9927495
0.9601869
0.9306503
0.8505089
0.7899866
0.7352045
0.608655
0.4578819
0.3513865
0.1534331
0.1350049
0.1163114
0.09442976
0.03610185
0
0
0.222728
0.1884678
0.1610926
0.09473439
0.05141944
0
0
0
0
0
0
