0
0
0
0
0
0
0
0
0
0
0
0
0
0
0
0
0
0
0
0
0
0
0
0
0
0
0
0
0.8680045
0.8604627
0.8276471
0.7973207
0.7243479
0.6714153
0.5592225
0.4831379
0.3303055
0.9953699
0.9761288
0.9539634
0.8954865
0.8504266
0.7520241
0.6842721
0.8372378
0.9935638
0.9621978
0.9323853
0.8553637
0.8018695
0.6895155
0.6136717
0.9579687
0.9503983
0.9479188
0.9937807
0.9620396
0.9327026
0.8605943
0.8077259
0.6970356
0.6193552
0.4667544
0.3936981
0.4284956
0.4138458
0.3892696
0.5242277
0.4911115
0.4606689
0.3880993
0.3355785
0.3031552
0.2958531
0.2621238
0.2619473
0.2431115
0.3285988
0.3095807
0.2877658
0.2288685
0.207474
0.2354716
0.2281533
0.1944427
0.4387188
0.4068057
0.3772748
0.3056825
0.252589
0.9645503
0.9938267
0.9624577
0.9329618
0.8609236
0.8072093
0.6956484
0.6200349
0.4679232
0.3692482
0.1772078
0.05248865
0
0
0
0
0
0
0
0
0
0.0457054
0.01374343
0.05300089
0.02189407
0
0
0
0
0
0.6065853
0.9897729
0.977178
0.932191
0.9003528
0.8166959
0.7648093
0.6458141
0.5007749
0.4054438
0.4078251
0.5723032
0.540847
0.511144
0.4394488
0.3866521
0.3054899
0.3233411
0.2910227
0.3241907
0.292567
0.2625195
0.2737572
0.4274885
0.4083634
0.3860167
0.3273955
0.3169239
0.2847266
0.2548251
0.5252061
0.5177134
0.4839118
0.4525934
0.3780301
0.3226222
0.2084265
0.129365
0.05564215
0.8930502
0.8734256
0.8507388
0.79112
0.7447563
0.6451367
0.5742181
1
1
0.9796004
0.9564943
0.9298886
0.8561414
0.7577364
0.68778
0.5488677
0.4564926
0.2779929
0.163009
0
0
0
0
0
0
0
0
0
0
0
0
0
0
0
0
0
0
0
0
0
0
0
0
0
0
0
0
0
0
0
0
0.5801217
0.9933962
0.9805779
0.9350625
0.8644497
0.8126621
0.6931678
0.614306
0.5395406
1
0.9812045
0.9589116
0.9002343
0.8542655
0.7557182
0.6848614
0.9494106
0.9936565
0.9620557
0.9322368
0.860246
0.8072208
0.6957388
0.619761
0.9082313
0.8997205
0.885666
0.8369193
0.7630324
0.7094058
0.5938493
0.5140945
0.3594509
0.3431834
0.3207762
0.3128458
0.2788758
0.2475353
0.2139506
0.126408
0.02643633
0.3020763
0.2693347
0.2383496
0.204813
0.1141611
0.001070563
0.3517422
0.3194067
0.2893897
0.2166366
0.161944
0.04881723
0
0
0
0
0
0
0
0
0
0.742314
0.88013
0.8583257
0.8400327
0.7846766
0.7481657
0.6590335
0.5496855
0.4183322
0.3391259
0.07833991
0
0
0
0
0
0
0
0
0
0
0
0
0
0
0
0
0
0
0
0.7129989
0.8945416
0.9065469
0.8999358
0.8424028
0.812047
0.7309136
0.6813605
0.622549
0.4950196
0.3644606
0.4250011
0.3833423
0.3584432
0.2838627
0.3438002
0.3366511
0.3034301
0.248916
0.3162425
0.2768278
0.2526388
0.2599327
0.4303679
0.4442873
0.4204991
0.3760277
0.3446116
0.2180716
0.1633525
0.6601915
0.6539044
0.6405793
0.5953335
0.5285032
0.4846428
0.322661
0.2562155
0.81249
0.8061402
0.7929489
0.7449571
0.6774745
0.6331065
0.4686396
0.4010662
0.9934249
0.9871041
0.9739189
0.9292573
0.8613546
0.817732
0.6563613
0.5899532
0.5805222
0.567333
0.5467873
0.4892296
0.4074436
0.3566933
0.1741904
0.1001079
0
0
0
0
0
0
0
0
0
0
0
0
0
0
0
0
0
0
0
0
0
0
0
0
0
0
0
0
0.6527638
0.8076952
0.7865306
0.767051
0.7090292
0.6708143
0.625715
0.5219758
0.3967542
0.5024046
0.9772834
0.9647362
0.9208729
0.8512564
0.8076289
0.7067461
0.6449283
1
1
0.9503917
0.9503917
0.8926021
0.8148829
0.7174023
0.6569707
1
0.9934873
0.9609957
0.9357357
0.864526
0.8196763
0.71627
0.6027442
0.5962128
0.5635827
0.5391616
0.4838814
0.4776291
0.4645476
0.4384155
0.4172948
0.3993897
0.3496858
0.3371101
0.3342044
0.3217939
0.3657857
0.3438739
0.3294074
0.3229083
0.2638164
0.2413693
0.3060134
0.3196955
0.3130084
0.3156709
0.2755398
0.2510767
0.1830652
0.2143924
0.2072134
0.1946034
0.4490405
0.9569129
0.9352492
0.9162147
0.8242776
0.7819943
0.676231
0.615881
0.5453771
0.3950262
0.2269123
0.185849
0.1465203
0.148303
0.1276796
0.2022452
0.1955118
0.1625837
0.07037871
0.02828366
0
0
0
0
0
0
0
0
0
0
1
1
0.9937754
0.961032
0.9361874
0.869523
0.8264515
0.6664793
0.6004971
0.4883322
0.5391843
0.5566861
0.5506056
0.5177447
0.4600396
0.4890714
0.4760814
0.4292724
0.3586825
0.3060489
0.2888179
0.4982082
0.4662561
0.6016368
0.5700349
0.5397477
0.4677897
0.4144333
0.3030516
0.2261868
0.6230932
0.6156167
0.581744
0.5486359
0.5136293
0.4236973
0.3101962
0.2323661
0.9321043
0.9935297
0.9613344
0.9303874
0.8578042
0.8035409
0.6902329
0.6082087
1
1
0.9811035
0.9582451
0.8988433
0.8526672
0.7503719
0.8368092
0.8053454
0.775422
0.7032131
0.6489769
0.5369623
0.4581533
0.3048957
0.2053492
0.1664284
0.2074502
0.1927273
0.2087013
0.1766508
0.1465342
0.07479686
0.02087243
0
0
0
0
0
0
0
0
0
0
0
0
0
0
0
0
0
0
0
0
0
0.6500933
0.6436402
0.6100546
0.5638494
0.4809416
0.4235628
0.2975512
0.2491734
0.2491734
1
0.9788714
0.9369403
0.9065108
0.7830241
0.7288663
0.6098638
1
0.9935582
0.9603292
0.9356117
0.869276
0.8262295
0.7266243
0.6253292
0.9775862
0.970865
0.9373769
0.9117134
0.8009999
0.7512136
0.6937723
0.570931
0.4259533
0.4331663
0.3932733
0.3689599
0.3355667
0.3294688
0.3160911
0.270696
0.2040241
0.1596294
0.1400923
0.1273602
0.08062585
0.1283302
0.1211868
0.1159706
0.07645768
0.05246351
0.1216198
0.1091915
0.1007759
0.09462334
0.1157704
0.09425709
0.0509833
0.02466742
0.06448666
0.05823494
0.05739281
0.9122624
1
0.9787807
0.9046953
0.8686898
0.7757037
0.7209233
0.5893874
0.5145774
0.4287585
0.2571802
0.06434073
0
0
0
0
0
0
0
0
0
0
0
0
0
0
0
0
0
0
0.7746069
0.992754
0.9789256
0.9579146
0.8979443
0.8169851
0.7659775
0.6877844
0.68094
0.6221773
0.5913763
0.6096255
0.5881569
0.5448388
0.514333
0.472051
0.5127697
0.493063
0.4738616
0.4473766
0.4197346
0.3972715
0.3780015
0.5426366
0.5363197
0.5030571
0.4777568
0.4437377
0.3627976
0.2608643
0.4058945
0.5786197
0.5786197
0.5554702
0.5115274
0.4451774
0.3571038
0.2487002
0.9349009
0.9309754
0.9243531
0.8662987
0.8356326
0.7930807
0.7021326
0.8570893
1
0.9768263
0.9580923
0.8651342
0.8228027
0.7706217
0.6550037
0.5209484
0.4308789
0.2631052
0.1635682
0
0
0
0
0
0
0
0
0
0
0
0.4786097
1
1
0.9607144
0.9369747
0.8681726
0.8254233
0.774019
0.660199
0.5171231
0.4363725
0.1598149
0.05553073
0
0
0
0
0
0
0
0
0
0
0.8563769
1
0.9783909
0.9597988
0.8656792
0.823267
0.716639
0.6554472
0.5846923
0.4361454
0.2674636
0.1638502
0
0
0
0
0
0
0
0
0
0
0.8189997
1
1
0.977999
0.9349767
0.9047312
0.7788832
0.7244887
0.5940028
0.520771
0.4334119
0.2626948
0.07201144
0
0
0
0
0
0
0
0
0
0
0.7009941
1
0.9937067
0.9805442
0.9356151
0.8688058
0.8255607
0.6616829
0.594116
0.4274252
0.3394906
0.2425863
0.04082345
0
0
0
0
0
0
0
0
0
0
0.1128197
0.4320565
0.6992934
0.771311
0.7645476
0.731165
0.6769863
0.6401303
0.4962387
0.4354022
0.2931547
0.2133817
0.1229996
0
0
0
0
0
0
0
0
0
0.6586465
1
0.9937467
0.9614664
0.9041045
0.8585532
0.7625563
0.754966
0.7211676
0.6902042
0.6163906
0.5610636
0.5123422
0.5043779
0.4901717
0.441935
0.3691024
0.5684846
0.5367839
0.5069001
0.4296271
0.479488
0.4668634
0.4212123
0.3724028
0.3649865
0.3314719
0.2998576
0.2246082
0.2390052
0.2065638
0.1764404
0.145671
0.1304103
0.110447
0.1118502
0.1448768
0.2099909
0.1781916
0.1679283
0.1485972
0.1261872
0.07172346
0.4256743
0.3933183
0.3628415
1
0.9935905
0.9613798
0.9315425
0.8594151
0.8054801
0.692889
0.6141104
0.4595565
0.3564192
0.1631582
0.03459949
0
0
0
0
0
0
0
0
0
0
0
1
0.9800075
0.9571391
0.896468
0.8496945
0.7486502
0.6788001
0.6121961
0.4549791
0.2622573
0.1470705
0
0
0
0
0
0
0
0
0
0
0
0
1
0.9942566
0.9748942
0.9518417
0.9253609
0.8525236
0.7472685
0.6789718
0.5394711
0.4396756
0.3528281
0.1586947
0
0
0
0
0
0
0
0
0
0
0.8560587
0.9934163
0.9612494
0.9310289
0.8588659
0.80537
0.6916357
0.6147633
0.4629444
0.6640109
0.6315436
0.6014895
0.5293114
0.4760814
0.3645746
0.2882066
0.1323697
0.03153679
0
0
0
0
0
0.7899582
0.9842823
0.9937831
0.9814349
0.9334514
0.8636778
0.8205626
0.7210691
0.6593553
0.4473582
0.3626221
0.1707395
0.06485923
0
0
0
0
0
0
0
0
0
0
0
0
0
0
0
0
0
0
0
0
0
0
0
0
0
0
0
