0.6859973
0.629113
0.6211503
0.6587531
0.6519762
0.5938356
0.5623256
0.4797686
0.42992
0.3025466
0.2325577
0.4864891
0.5078487
0.5506351
0.5380626
0.9057418
0.8914273
0.8438096
0.7714645
0.7623627
0.7487174
0.7029549
0.6654191
0.6579858
0.786521
0.8678269
0.8763203
0.9365858
0.9168829
0.8926294
0.8656462
0.8020818
0.8734939
0.8653768
0.8507917
0.9540243
0.9932059
0.9770944
0.9552659
0.891274
0.8018031
0.7362086
0.6750959
0.52955
0.7641521
0.9934521
0.9612848
0.929526
0.8957018
0.8059496
0.6919072
0.6065788
0.6179784
0.6448246
0.6321681
0.7613422
0.7286422
0.6966729
0.6221201
0.6183808
0.659935
0.6402216
0.592678
0.5813692
0.5747728
0.7851214
0.7726713
0.7570406
0.7094809
0.6694137
0.6290731
0.527141
0.4256109
0.4737763
0.5332215
0.6424952
0.6293197
0.5848899
0.5149347
0.50798
0.4887089
0.4801191
0.466808
0.63085
0.5973622
0.563534
0.5286636
0.4330651
0.3743261
0.2399555
0.7176308
0.9933324
0.9605849
0.9300686
0.855394
0.9932716
0.9799238
0.9338433
0.8615113
0.8074015
0.7123153
0.8534122
0.8468164
0.8144584
0.8163442
0.9932723
0.9614135
0.9702618
0.9574395
0.911944
0.8414832
0.8528644
0.8195279
0.788225
0.7526078
0.7195359
0.6855068
0.7472758
0.7408783
0.766683
0.8024339
0.7864358
0.7371805
0.6969267
0.6538113
0.5499272
0.55423
0.5620165
0.5585302
0.603056
0.5903943
0.543861
0.472712
0.4183663
0.3059886
0.6712343
0.9934766
0.9772661
0.9565463
0.8962543
0.8104413
0.8664901
0.834156
0.8479111
0.8286119
0.8056703
0.7988327
0.9934079
0.9604523
0.9730738
0.9602932
0.9134474
0.8308735
0.826246
0.804165
0.7857208
0.8200572
0.8134051
0.7785588
0.7530926
0.6387923
0.5793135
0.4643413
0.4643413
0.3242557
0.1652009
0.4873624
0.4809425
0.5580408
0.547052
0.5297956
0.5078806
0.5113247
0.5679126
0.5611362
0.5267437
0.5017566
0.4319983
0.3397562
0.2267356
0.1574648
0.5868461
0.5802127
0.545719
0.5200788
0.4701343
0.4697802
0.4473143
0.4276164
0.370746
0.3328569
0.1852512
0.1204401
0.04835815
0
0.271461
0.5442045
0.5225728
0.5039331
0.4102487
0.3619642
0.3059282
0.1857939
0.2325512
0.2258514
0.1920281
0.1666478
0.0982162
0.05326584
0
0
0.7986276
0.7920272
0.7577913
0.7318818
0.6198003
0.8308377
0.8241176
0.8527303
0.8309874
0.8121743
0.7181487
0.7099178
0.7890113
0.9518228
0.9446787
0.9106107
0.8544164
0.8160725
0.854327
0.9168537
0.8969938
0.8779107
0.9112306
0.8892632
0.8453218
0.8148029
0.685814
0.6309319
0.4998514
0.4256039
0.5296929
0.5227696
0.5005952
0.4816319
0.5434243
0.530688
0.5460076
0.5333201
0.5126233
0.4545708
0.3751168
0.3246459
0.230967
0.2240338
0.1656572
0.7198606
0.999853
0.999853
0.8971615
0.8971615
0.754075
0.754075
0.7875733
0.7875733
0.9207933
0.9479716
0.9256105
0.9066501
0.8503287
0.8281612
0.8065313
0.8125238
0.8865373
0.8646583
0.8207434
0.9410698
0.9357632
0.929039
0.8947815
0.8687508
0.8004328
0.7103128
0.5991232
0.5301382
0.3527775
0.2617913
0.8179824
0.8106716
0.771396
0.7034398
0.7034398
0.5765474
0.5999855
0.7535905
0.7659478
0.7659478
0.7154751
0.7154751
0.6162282
0.4739157
0.4739157
0.5200167
0.6509085
0.629395
0.6291728
0.6662331
0.6598739
0.7073794
0.7011334
0.7098543
0.6769404
0.64494
0.6110572
0.5217548
0.5734129
0.5574445
0.6215184
0.6554031
0.6222739
0.6288087
0.5961808
0.5646366
0.5314898
0.4410272
0.6711134
0.6545953
0.6338656
0.6308495
0.624526
0.5902056
0.5308971
0.6029206
0.68484
0.7359193
0.7708663
0.7615544
0.746564
0.6960097
0.6861581
0.6653561
0.618811
0.5790494
0.5389053
0.4343741
0.3015071
0.213308
0.1324736
0.6041543
0.6064339
0.8279985
0.8152006
0.7670493
0.6934852
0.6384152
0.5845746
0.4559141
0.3010766
0.1981528
0.1028201
0
0.163639
0.1477864
0.3837508
0.5025605
0.4896155
0.4544841
0.5228514
0.5026191
0.4827057
0.4883516
0.5419087
0.5995314
0.5866252
0.5851349
0.5655309
0.5418718
0.5092024
0.7278204
0.7210149
0.8520315
0.8327368
0.8099222
0.7494761
0.8541908
0.8412576
0.793861
0.7193658
0.6637244
0.7206375
0.759258
0.7560631
0.7393963
0.718415
0.6560926
0.567987
0.5032374
0.4136839
0.4893173
0.4828729
0.4488097
0.3894911
0.3424569
0.2959282
0.1813824
0.2085293
0.200537
0.1655586
0.3855553
0.3726797
0.3257566
0.3587646
0.3506092
0.3366334
0.2880456
0.2125678
0.1558132
0.04022743
0
0
0.007890103
0
0.2080261
0.2016939
0.1649214
0.1711284
0.2856618
0.3053597
0.2853868
0.38973
0.5332696
0.5488524
0.5327939
0.5124274
0.4508661
0.3634365
0.2988308
0.2365164
0.0840497
0.002144322
0
0
0
0
0
0
0
0
0
0
0
0
0
0.270192
0.8911144
0.8692866
0.8503846
0.7941521
0.7154946
0.6159039
0.6734908
0.6516736
0.6598425
0.6188435
0.5938549
0.5601382
0.4801499
0.3777071
0.3144714
0.5202217
0.5134628
0.4534748
0.422098
0.3826329
0.2900892
0.2783918
0.2717602
0.2384352
0.2127079
0.100231
0.2289392
0.2496765
0.227496
0.1845388
0.5469141
0.5241523
0.504958
0.4795559
0.4731533
0.4594651
0.4526669
0.4300466
0.4107683
0.3542819
0.31507
0.2163124
0.2595512
0.2869609
0.3428885
0.6183993
0.825588
0.7855193
0.7606851
0.691609
0.6473492
0.595206
0.4808692
0.5995352
0.5929878
0.6729703
0.6660081
0.6357815
0.654397
0.647765
0.6458449
0.6239458
0.605523
0.5121588
0.4690636
0.4578479
0.4450125
0.5904787
0.6601065
0.6386327
0.6191556
0.5914826
0.5785821
0.5309758
0.6165802
0.6097072
0.5919046
0.56921
0.5936831
0.5715236
0.552819
0.4602906
0.4176407
0.3653836
0.2514369
0.1457407
0.2559474
0.2960511
0.2966838
0.2766132
0.2565208
0.2282992
0.1572223
0.2803601
0.4141766
0.5524035
0.5728478
0.5523968
0.5724719
0.6778758
0.7219546
0.7532862
0.7465955
0.7123251
0.6867869
0.5755201
0.5263439
0.464632
0.3650098
0.3862333
0.6038626
0.8306274
0.8243954
0.7909451
0.786072
0.829075
0.8064981
0.7923778
0.7858239
0.7277677
0.6966819
0.7460607
0.8401958
0.8329349
0.9274278
0.905627
0.8869883
0.831998
0.8746083
0.8312662
0.8054804
0.7722501
0.7594867
0.787045
0.7800062
0.7453822
0.7191102
0.7353956
0.7353956
0.7098823
0.7120031
0.7120031
0.7131691
0.8068555
0.815005
0.8083515
0.7494225
0.7185751
0.6363
0.5854691
0.4604162
0.3904833
0.5647889
0.5944328
0.8125406
0.7797396
0.7496346
0.6767724
0.6754691
0.739099
0.7758365
0.7441126
0.8222514
0.809477
0.7642301
0.6936644
0.9218443
1
1
0.9800104
0.956215
0.8960347
0.8500236
0.7500991
0.6808201
0.539441
0.4449261
0.5567913
0.5490255
0.6867971
0.6719153
0.6256735
0.6398863
0.6262805
0.5798986
0.5094777
0.4562568
0.4105822
0.3957053
0.4084469
0.4236657
0.4171875
0.4024083
0.3572955
0.394872
0.5106347
0.5105186
0.5622076
0.5468069
0.4999183
0.4611691
0.3742402
0.3095498
0.3972116
0.3819915
0.3353338
0.2968644
0.2101786
0.1467444
0.01916284
0
0.4414625
0.4339275
0.4001206
0.3687629
0.3349474
0.2460477
0.3101414
0.310483
0.2784042
0.2482011
0.2476889
0.2322365
0.1834509
0.1438533
0.05611739
0
0
0
0.05324364
0.04995362
0.05376243
0.0371925
0.02052927
0.0004874587
0
0
0
0
0
0
0.5603277
0.9833196
0.9770434
0.9447354
0.8871616
0.8412969
0.7399188
0.7638023
0.7576298
0.7251066
0.6675873
0.6231226
0.5254551
0.5515145
0.5196223
0.4895975
0.4172875
0.6115782
0.5792744
0.5489065
0.4753911
0.4220079
0.3089108
0.3947911
0.3759274
0.3532677
0.2940952
0.2455664
0.2759523
0.268411
0.2346428
0.2040835
0.1288064
0.9028197
0.8897489
0.8440545
0.8396287
0.8318183
0.797892
0.7666428
0.792805
0.7757953
0.7547673
0.6929184
0.6066569
0.6155028
0.7714149
0.9381045
0.9147259
0.8955311
0.8405045
0.8035266
0.7154227
0.659992
0.6921862
0.6859557
0.6540288
0.6286535
0.5626757
0.541552
0.6472462
0.625812
0.624738
0.7416109
0.7286425
0.7083121
0.6484832
0.5874891
0.7117801
0.6904463
0.8162453
0.7982903
0.7856332
0.7656749
0.7072729
0.6805571
0.6739621
0.659869
0.6472108
0.6018025
0.5881831
0.5814742
0.5484196
0.4933409
0.4572924
0.3159864
0.2543792
0.3736823
0.3673538
0.3866741
0.3654934
0.3232803
0.2924742
0.4198391
0.4070042
0.361831
0.3302602
0.2910867
0.4041654
0.5722966
0.6499078
0.6445206
0.6319728
0.5874173
0.517523
0.4736663
0.4706459
0.4640815
0.5012094
0.4945505
0.4610758
0.4359325
0.407684
0.4379877
0.5509729
0.5447145
0.5639521
0.5448152
0.537309
0.6009593
0.7440619
0.7325757
0.7699639
0.7508293
0.7280356
0.6676984
0.6203079
0.5739375
0.5621544
0.5818326
0.6018724
0.5828815
0.5834256
0.5614102
0.553744
0.5505198
0.5624409
0.5674616
0.5869704
0.5557358
0.5706717
0.5759139
0.5818184
0.5907933
0.5831467
0.5695949
0.58091
0.561622
0.5374133
0.478063
0.4551535
0.4830808
0.4670766
0.4780726
0.618452
0.5870981
0.6046294
0.5735279
0.5800819
0.6173615
0.6096815
0.5907186
0.6139398
0.608516
0.6093927
0.5776821
0.5542008
0.6604689
0.6520076
0.6796282
0.7132522
0.6817905
0.6515116
0.6685972
0.714031
0.6827977
0.6979032
0.6790242
0.7209786
0.6883696
0.6795079
0.6742845
0.6724029
0.6863124
0.6785088
0.7008791
0.6811637
0.6470816
0.6493519
0.6508086
0.6430622
0.6281165
0.6119329
0.5769836
0.608268
0.608268
0.6012588
0.6291783
0.6561069
0.6497835
0.635103
0.618746
0.6006109
0.5941256
0.5891344
0.6021727
0.5611853
0.5360313
0.5047327
0.6072059
0.5861616
0.5686158
0.5312887
0.5182407
0.54211
0.5800271
0.5732719
0.5399656
0.5688121
0.5617918
0.5552068
0.5639408
0.5236966
0.5758608
0.5689058
0.6030049
0.5907335
0.5885671
0.6535204
0.6724208
0.6526681
0.632872
0.6461961
0.6245849
0.6324514
0.625832
0.6604975
0.6538203
0.6848943
0.671485
0.6510258
0.7113404
0.6954101
0.6890101
0.7434638
0.7370365
0.7355543
0.722334
0.7026123
0.7152645
0.6940516
0.6760224
0.7093409
0.7176192
0.7471727
0.7409114
0.7280576
0.7196634
0.6980374
0.7351038
0.6952315
0.6711238
0.6579733
0.7480973
0.7346659
0.7173719
0.7104335
0.6992504
0.7093194
0.6883475
0.7167452
0.7103435
0.7196218
0.7180045
0.7048489
0.7583393
0.7451801
0.7203646
0.7717107
0.7639654
0.7297093
0.6989191
0.7317042
0.7420084
0.7646829
0.7568716
0.7584962
0.7735618
0.7422272
0.7484426
0.7341985
0.7476512
0.7139041
0.707737
0.6761343
0.6525471
0.6552944
0.6472577
0.6439244
0.6240134
0.6387799
0.6312276
0.5977854
0.608559
0.5973994
0.6074012
0.6461108
0.6512754
0.6929763
0.7196035
0.7065595
0.7495791
0.7593147
0.7672202
0.7667227
0.7721736
0.7870399
0.7970269
0.7907317
0.7913971
0.7860834
0.8505698
0.8189614
0.831089
0.7988765
0.7691512
0.7255309
0.7201903
0.7139314
