0.4749356
0.3878222
0.3347587
0.1449731
0.0642606
0
0.2527936
0.7683401
0.780245
0.774199
0.7423156
0.7189116
0.7037902
0.6911148
0.6471924
0.5778829
0.5279672
0.4215873
0.349152
0.1881966
0.09147385
0
0
0
0
0
0
0
0
0.7645864
0.8119751
0.9164469
0.9092389
0.8760725
0.8448335
0.771919
0.7191706
0.6080294
0.5309232
0.3805556
0.2824163
0.07615133
0
0
0
0
0
0
0
0
0
0.2708623
0.9278638
1
0.9922982
0.9585755
0.9284617
0.8564124
0.8038982
0.6928656
0.6166746
0.4544141
0.3547357
0.1623598
0.03586419
0
0
0
0
0
0.190553
0.1596614
0.1309841
0.06095695
0.1385748
0.1069594
0.1788812
0.1480132
0.1186108
0.0412002
0
0.7549272
0.9391425
0.9208745
0.8987771
0.897456
0.8898485
0.8564226
0.9937314
0.9591005
0.9938973
0.9632094
0.9346374
0.8651357
0.8120631
0.7014263
0.6274735
0.64395
0.636635
0.6037326
0.5741484
0.5027431
0.449692
0.3384818
0.2636625
0.1087458
0.170293
0.1362374
0.1871009
0.1562506
0.1270831
0.05702562
0.005737706
0
0
0
0
0
0
0
0
0
0
0
0
0
0
0.3344535
0.8547366
0.8484886
0.7938831
0.7876195
0.7567221
0.7319556
0.6611384
0.6157523
0.5129503
0.3855816
0.3119926
0.1469654
0.05161214
0
0
0
0
0
0.1093362
0.1967422
0.1905238
0.8665097
0.8599645
0.8471374
0.803243
0.7616748
0.7493138
0.7036583
0.6713047
0.6550933
0.6239824
0.5982835
0.5322061
0.4848402
0.38564
0.3254655
0.1138361
0.02818319
0
0
0
0
0
0.7663321
0.9938654
0.9625384
0.9328668
0.8604803
0.8076378
0.6974262
0.7501889
0.7188714
0.6902239
0.6132503
0.5598375
0.4495793
0.3748272
0.222092
0.1228119
0
0.05260277
0.3283462
0.4685519
0.4372964
0.4082604
0.331573
0.2784919
0.2258527
0.08455223
0
0
0
0
0.7411793
0.9748576
0.9561601
0.9344511
0.9549663
0.9472725
0.9136525
0.9936946
0.9610466
0.9319156
0.8597363
0.8075774
0.6978455
0.6213034
0.5511275
0.5422138
0.5414365
0.5767915
0.5451176
0.5163344
0.444673
0.3916048
0.280991
0.205989
0.05053332
0.05425048
0.02259209
0
0
0
0
0
0
0
0
0
0
0.2210758
0.736583
0.9938999
0.9622943
0.9309216
0.8596573
0.8071956
0.6959715
0.6446536
0.6258396
0.6039189
0.5981117
0.7245072
0.6898016
0.6597826
0.5860817
0.5317559
0.4785841
0.3456056
0.1915069
0.09020941
0
0
0
0
0
0
0
0
0.08211573
0.8379542
0.8048959
0.8939262
0.8616857
0.831871
0.7598735
0.7076231
0.5952295
0.5291065
0.4304461
0.4237801
0.3905782
0.3658122
0.2560824
0.2072795
0.0851445
0.01726115
0
0
0
0
0
0
0
0.6834855
0.6772594
0.6792027
0.6556068
0.610354
0.5790015
0.5018188
0.4531108
0.2698226
0.1977807
0.1166583
0
0
0
0.1065346
0.1002681
0.08355106
0.1085098
0.1279152
0.118594
0.09766688
0.07905024
0
0
0
0
0
0
0.7174148
0.7614014
0.7223345
0.6984025
0.7994281
0.7672947
0.7422175
0.7241118
0.7175407
0.68411
0.6592706
0.5998153
0.5933593
0.5356822
0.5136601
0.5595174
0.5399415
0.5534199
0.5406195
0.5154166
0.4963999
0.4736982
0.4139
0.3676253
0.2688962
0.2005249
0.06084931
0
0
0
0
0
0.01894951
0.2402686
0.2086663
0.1791069
0.1012735
0.04520604
0
0
0
0
0
0
0.1369099
0.129226
0.7734097
0.7655514
0.7714279
0.7632813
0.7493697
0.7023764
0.6507399
0.6430296
0.609508
0.5787268
0.498481
0.4421142
0.3268284
0.523229
0.4918862
0.4622894
0.3901301
0.3998965
0.3810371
0.3590959
0.3007717
0.5548069
0.8334307
0.8909863
0.8590304
0.9938951
0.9625492
0.9328156
0.8614917
0.8091472
0.698713
0.6204759
0.6502644
0.6424592
0.6085481
0.5782901
0.5049629
0.4511135
0.3373788
0.2594193
0.1054668
0.004354253
0
0
0.7162076
0.993803
0.9620997
0.9320346
0.859933
0.8056223
0.6925927
0.6156193
0.5418789
0.3694951
0.1829524
0.06532897
0
0
0.2970859
0.6323864
0.5932636
0.5695406
0.5307527
0.524223
0.4915278
0.4370514
0.4007079
0.6744875
0.7140118
0.6932992
0.6929018
0.686295
0.6531877
0.5981364
0.725354
0.6862279
0.704874
0.7377599
0.7315623
0.7184229
0.7371004
0.7384083
0.7319697
0.729979
0.7280958
0.7090917
0.6901548
0.6640738
0.595671
0.4552603
0.4490938
0.4172272
0.4444508
0.5021705
0.4896627
0.4701978
0.4150458
0.7191226
0.8470807
0.8281626
0.8086662
0.8146338
0.808327
0.7942469
0.7486261
0.7200704
0.7139601
0.6925382
0.6870114
0.6682257
0.6497086
0.6239316
0.5572034
0.4113955
0.350863
0.2104869
0.131998
0
0
0.590207
1
0.9604363
0.9362977
0.8686883
0.8258861
0.7213363
0.590456
0.5214915
0.5006028
0.4823751
0.4290267
0.3932422
0.253254
0.193925
0.054514
0
0
0
0
0
0
0
0.6841248
0.7641182
0.9030778
0.871331
0.8421301
0.7713389
0.7192031
0.6000913
0.704084
0.6721104
0.6423034
0.6087428
0.5216565
0.4116299
0.3371713
0.1746365
0.07430192
0
0
0
0
0.01357086
1
1
0.9924557
0.9586294
0.9271666
0.8540509
0.8000796
0.6839741
0.6064461
0.4522188
0.3483818
0.1538872
0.02980623
0
0
0.02369505
0.01519044
0.07182447
0.06409574
0.1658965
0.1509446
0.1048916
1
0.9939745
0.993711
0.9625275
0.9327979
0.8614376
0.8093221
0.6980992
0.9864914
0.9673322
0.945475
0.886835
0.8813718
0.7914201
0.6812313
0.6158031
0.5905895
0.6384878
0.6191693
0.6004642
0.543492
0.5051547
0.4151395
0.3983722
0.3957236
0.3743924
0.356544
0.3825561
0.376333
0.3633676
0.3195383
0.2547952
0.2129413
0.0542763
0
0
0
0
0
0
0
0
0
0
0
0
0
0
0
0
0
0
0
1
0.9936032
0.9617162
0.9324265
0.8607042
0.8831977
0.8490468
0.8188938
0.7460884
0.6929355
0.5813047
0.5045047
0.353028
0.2533714
0.1559914
0
0
0
0
0
0
0
0
0.7307649
0.6989725
0.6692722
0.5979814
0.565846
0.5470306
0.5248365
0.4661646
0.4197585
0.3343104
0.3268307
0.2934613
0.261207
0.1873873
0.133039
0.01824681
0
0
0
0
0
0
0.9351674
0.9161671
0.9937414
0.9621126
0.9327641
0.862357
0.8104491
0.6994095
0.6246998
0.4621059
0.358569
0.2658729
0.0531035
0
0
0
0
0
0
0.01697286
0.1178668
0.3504225
0.9053472
0.958025
0.9421124
0.8955553
0.853295
0.8129208
0.7122779
0.5864618
0.9794092
0.9864588
0.9715908
0.9250814
0.8850085
0.798817
0.7870542
0.7870542
0.7428144
0.6811901
0.59848
0.5805106
0.5586749
0.5166611
0.4490712
0.4896571
0.4689553
0.4512034
0.4363874
0.4302917
0.4175309
0.4170246
0.3956875
0.3775815
0.2889639
0.2466789
0.1443349
0.01588015
0
0
0
0
0
0
0
0
0
0.08567023
0.6327484
0.7526603
0.7648693
0.7451596
0.7260687
0.6687623
0.6304755
0.6437852
0.9593475
0.9530427
0.9213088
0.8972659
0.792414
0.7432233
0.6870439
0.56792
0.3444534
0.2556656
0.05003044
0
0
0
0
0
0
0
0
0
0
0.8683658
0.8622781
0.8285372
0.8044734
0.7377176
0.690688
0.5929018
0.5325746
0.4693755
0.4570116
0.4109325
0.3416342
0.2900398
0.1804511
0.1039367
0
0
0
0
0
0
0
0
1
0.9932917
0.9615562
0.9322932
0.8601407
0.9773241
0.9429642
0.9126838
0.8398379
0.7857232
0.6741614
0.592551
0.4401357
0.3421883
0.1491264
0.02658643
0
0.1365833
0.1049659
0.2215603
0.1900005
0.1598555
0.9048949
0.9940623
0.9601001
0.9292932
0.8573121
0.8048626
0.6934181
0.6184309
0.9156274
0.9079341
0.9031348
0.8952616
0.8617327
0.831556
0.7525994
0.6989585
0.6697927
0.6551989
0.6442971
0.6294531
0.5818378
0.5425956
0.4527019
0.6005809
0.5873547
0.5426537
0.4721021
0.4152935
0.3451342
0.3865825
0.3729389
0.3276808
0.2557595
0.2432662
0.2116907
0.1813185
0.1078261
0.0533987
0
0
0
0
0
0
0
0
0
0
0
0
0
0
0
0.5596026
1
0.983803
0.9772297
0.9442397
0.9179938
0.8843944
0.8016734
0.6982327
0.634568
0.4190974
0.4190974
0.4190974
0
0
0
0.06358465
0.06358465
0.06584533
0.06584533
0.3974753
0.3991581
0.3991581
0.4241493
0.742909
0.7426764
0.7396221
0.7199159
0.6997002
0.6391546
0.5993562
0.5011529
0.4416077
0.2997108
0.2141616
0.0342009
0
0
0
0
0
0
0
0
0
0.9386609
1
0.9934303
0.9614494
0.9316752
0.8596734
0.8660883
0.8317548
0.8010834
0.7281826
0.6746827
0.5626416
0.4840087
0.3290972
0.2294171
0.03759599
0
0.2874323
0.3352545
0.381057
0.3736353
0.4347538
0.5679671
1
0.9937417
0.9622711
0.9318889
0.8587142
0.8044568
0.7476367
0.8546
0.993371
0.9777557
0.9694179
0.949742
0.9037595
0.8664438
0.7816099
0.8202428
0.7879588
0.9014329
0.8688871
0.8979497
0.884144
0.8384297
0.7658021
0.7114402
0.5975124
0.5170109
0.4421969
0.2749523
0.08240646
0.1612472
0.7209513
0.8498195
0.8298811
0.9934922
0.9620009
0.9325873
0.8608242
0.8076032
0.696447
0.6193266
0.6242431
0.8952997
0.8637508
0.8334246
0.761548
0.7077586
0.5944477
0.5164095
0.3644421
0.2632714
0.06852272
0
1
0.9936649
0.9807356
0.9346706
0.8595479
0.8029086
0.7486502
0.6165684
0.5314531
0.4062241
0.3996207
0.3660054
0.3395069
0.2649626
0.21835
0.1078877
0
0
0
0
0
0
0
0
0.5886152
0.7210362
0.6895471
0.7372282
0.7045805
0.6743951
0.6014449
0.5471298
0.4340406
0.4229291
0.3916505
0.362595
0.2911094
0.2381106
0.1250969
0.04872889
0
0
0
0
0
0
0.816097
0.9606101
0.9395647
0.9212385
0.8670618
0.8302147
0.6889988
0.6276168
0.4915662
0.3377939
0.2477416
0.06147351
0
