0
0
0
0
0
0
0
0
0
0
0
0
0
0
0
0
0
0
0
0
0
0
0
0
0
0
0
0
0
0
0
0
0
0
0
0
0
0
0
0
0
0
0
0
0
0
0
0
0
0
0
0
0
0
0
0
0
0
0
0
0
0
0
0
0
0
0
0
0
0
0
0
0
0
0
0
0
0
0
0
0
0
0
0
0
0
0
0
0
0
0
0
0
0
0
0
0
0
0
0
0
0
0
0
0
0
0
0
1
1
1
1
1
1
1
1
1
1
0.7096798
0.7096798
0.7096798
0.7096798
0.7096798
1
1
1
0.8440352
0.8440352
0.6748776
0.6748776
0.5039009
0.3690603
0.2061249
0.1124329
0.3634523
0.5285261
0.5077176
0.4909497
0.4385177
0.4151334
0.4200939
0.4072936
0.4787489
0.4578905
0.388588
0.3499324
0.2627965
0.2069833
0.08141921
0.0059864
0
0.1132644
0.4252784
0.4188008
0.5800117
0.5671815
0.524091
0.454377
0.4084681
0.3088218
0.2484969
0.1165632
0.03888571
0
0
0
0
0
0
0
0
0
0
0
0
0
0
0
0
0
0
0
0
0
0
0
0
0
0
0
0.196358
0.2157449
0.1958393
0.346245
0.3161504
0.2889413
0.2138726
0.5575846
1
0.9932518
0.9613692
0.932736
0.8563606
0.8057818
0.6861686
0.6106276
0.4600928
0.3654289
0.1639957
0.04691682
0
0
0
0.318855
0.2880307
0.2599627
0.2654916
0.2581411
0.2248727
0.1957994
0.1228846
0.06825329
0
0
0
0
0.7841134
0.9050002
0.8738285
0.8445312
0.77372
0.715852
0.6057556
0.5318293
0.4075027
0.5520121
0.5213448
0.4929177
0.4171936
0.3653016
0.2502159
0.5031747
0.4720046
0.4436144
0.3730206
0.5371972
0.5063561
0.4779618
0.4019067
0.3493658
0.2378343
0.1631944
0.01356315
0
0
0.1635749
0.393079
0.444689
0.413544
0.4783542
0.4474935
0.4185311
0.347897
0.296537
0.1807876
0.1152297
0
0
0
0
0
0
0
0
0
0
0
0
0
0
0
0
0
0
0
0
0
0
0
0
0
0
0
0
0
0
0
0
0
0.1293959
0.2299157
0.3221392
0.4491805
0.4657656
0.6326653
0.6250638
0.5916798
0.6091909
0.5786037
0.5463303
0.4757391
0.4251602
0.4080198
0.4179495
0.6504341
0.8408251
0.8220808
0.8002567
0.7371553
0.6917245
0.5924792
0.526043
0.3881838
0.5109977
0.5943031
0.5784526
0.5307822
0.4885675
0.4017054
0.3403461
0.2138919
0.1308597
0
0
0.3062877
0.5472052
0.5168119
0.4889672
0.4170822
0.3541004
0.2980614
0.38561
0.3978919
0.3833093
0.3382668
0.3014589
0.2619999
0.1527637
0.01591297
0
0
0.0452319
0.08075324
0.07348025
0.3803267
0.3650219
0.3188466
0.2806955
0.1939751
0.1328954
0.004723802
0
0
0
0.05387894
0.05753088
0.04564913
0.02263381
0.002493103
0
0
0.4289073
0.4226603
0.4289199
0.4079109
0.3660968
0.3372627
0.4993695
0.49302
0.6809483
0.7413684
0.7285635
0.6838096
0.6534169
0.5762871
0.5273524
0.3510442
0.278385
0.1147178
0.02312968
0
0
0
0
0
0
0
0
0
0
0.2239784
0.4332551
0.4901656
0.4716669
0.4495817
0.3911168
0.3470646
0.248227
0.1809486
0.03378527
0
0
0
0
0
0.6796338
0.7482799
0.7955875
0.8185661
0.7801134
0.7553429
0.7030361
0.75456
0.74827
0.7156384
0.691562
0.5863618
0.5388271
0.483003
0.5330316
0.7071788
0.7893494
0.8551136
0.8490188
0.8305375
0.8119848
0.7868077
0.7169493
0.6246545
0.5691971
0.3739578
0.2949747
0.114753
0.01670864
0.7284031
0.7075498
0.6832516
0.6708403
0.6274602
0.5961475
0.5164542
0.4101527
0.3557516
0.5929275
0.5869152
0.5553863
0.698791
0.7065662
0.6941606
0.6757243
0.6282296
0.5916529
0.5057704
0.716317
0.6976771
0.6761357
0.6512955
0.6361594
0.6262144
0.6419346
0.6217192
0.5958799
0.5675555
0.5305379
0.4472823
0.3416526
0.2176473
0.07204966
0
0
0
0
0.1003385
0.6183776
0.6846638
0.6637678
0.646153
0.5583893
0.5168082
0.5276799
0.4961542
0.4702747
0.4031841
0.3598023
0.2600835
0.1973208
0.07420614
0.06170382
0.3300835
0.362544
0.3435866
0.3246889
0.3986265
0.501087
0.7186753
0.7965801
0.8293762
0.8103485
0.8026115
0.7840665
0.7617508
0.7031752
0.6578028
0.5582385
0.7803992
0.7487403
0.7190853
0.6472498
0.5944265
0.4819174
0.4015708
0.3237303
0.1450423
0.06130025
0.1164583
0.2461994
0.2270057
0.1811987
0.1438396
0.1322143
0.5029646
0.4709399
0.4411417
0.3682709
0.3147185
0.2035591
0.12873
0
0
0.2788402
0.4522003
0.5897121
0.8775883
0.8447606
0.8135155
0.7392726
0.6820853
0.6273219
0.4976095
0.5735672
0.6175194
0.6460217
0.7713745
0.8651174
0.8828281
0.8762844
0.8445667
0.7866999
0.7420354
0.6347833
0.5732108
0.4435296
0.36417
0.1987833
0.103733
0
0
0
0
0
0
0
0.1636545
0.4391371
0.4170919
0.3988378
0.3434815
0.3062085
0.2158689
0.10503
0
0
0
0
0.8299749
0.823237
0.8096209
0.7623272
0.8102007
0.8187738
0.7967393
0.7778791
0.6847887
0.6415625
0.5901598
0.4758804
0.3387474
0.2542385
0
0
0
0
0
0
0.1728007
0.411171
0.5379615
0.615283
0.6934797
0.6867592
0.6732025
0.6268617
0.5577685
0.5136245
0.4111792
0.3492624
0.1318385
0.04240998
0
0
0
0.06052828
0.1123355
0.1059797
0.07344278
0.04763153
0.01424724
0
0.2278454
0.2208716
0.1858609
0.1603829
0.04337879
0
0.1167005
0.09450439
0.05042361
0.01861344
0
0
0
0
0
0
0
0
0
0
0
0
0
0.2017684
0.1554041
0.1012734
0.06439526
0
0
0
0.1936777
0.1710337
0.1267815
0.05993974
0.01624667
0
0
0
0
0
0
0
0
0
0
0
0
0
0
0
0
0
0
0
0
0
0
0
0
0
0
0
0
0
0
0
0
0
0
0
0
0
0
0
0
0
0
0.5984796
0.5984796
0.5997187
0.55449
0.5010826
0.4649082
0.3687495
0.3107142
0.1847421
0.4044407
0.7134377
0.6918905
0.6488586
0.6181692
0.5410018
0.488118
0.3763956
0.307694
0.6128664
0.5905161
0.5470511
0.5160292
0.4395304
0.3895893
0.2799944
0.2127461
0.06818528
0
0.6399118
0.8554034
0.9142923
0.9078988
0.9467775
0.9438281
1
0.9786494
0.9355036
0.9048515
0.77834
0.7242664
0.5931053
0.5201909
0.4367912
0.2683784
0.07323315
0
0.653697
0.6475037
0.6726617
0.6600789
0.6384692
0.5809309
0.5020105
0.6181598
0.5770895
0.5522969
0.4805219
0.4361386
0.3832333
0.268166
0.1297599
0.5003468
0.4602261
0.4360167
0.367287
0.3244802
0.2695666
0.1538318
0.01722817
0.3920557
0.3874518
0.380984
0.3485145
0.32307
0.289833
0.2092931
0.1063388
0.04396725
0
0
0
0
0
0
0
0
0
0
0
0
0
0
0
0
0
0
0
0
0
0
0
0
0
0
0
0
0
0
0
0
0.006663322
0.4737606
1
1
1
1
1
1
1
1
0.9925205
0.9791472
0.9585266
0.9003198
0.8194485
0.766526
0.6462643
0.5771577
0.3418508
0.2482359
0.3793578
0.3735968
0.3996244
0.4274803
0.4039966
0.4110027
0.3912795
0.4526903
0.8406012
0.8164666
0.842957
0.8354179
0.8354179
0.7653372
0.6736388
0.6736388
0.6516525
0.6042636
0.7666791
0.8825794
0.9534724
1
0.9789266
0.961084
0.9062861
0.8303878
0.7313386
0.6714953
0.5420902
0.4624527
0.2997944
0.2997944
0.4771488
0.4771488
0.583749
0.583749
0.5854137
0.5412385
0.4880033
0.4817252
0.4471366
0.3927099
0.3927099
0.3171694
0.3153856
1
0.9937428
0.9620463
0.9362471
0.8692904
0.780695
0.7258878
0.6043559
0.5311193
0.2852769
0.1880974
0.1375885
0.1159242
0.07287142
0.04249575
0
0
0
0
0
0
0
0
0
0
0
0
0
0
0.3707112
0.6504261
0.785743
0.7426563
0.7174065
0.6448895
0.6172068
0.7427595
0.7298928
0.6827983
0.6502669
0.5638921
0.5413492
0.5252758
0.5289841
0.6156827
0.6482949
0.6324911
0.5845697
0.6571816
0.6507974
0.6170817
0.5585552
0.5118231
0.4122859
0.3430016
0.357504
0.5430869
0.5937462
0.6788471
0.7315711
0.7371008
0.7824733
0.8652356
0.8330155
0.8032895
0.7262284
0.6995948
0.8316192
0.8422467
0.8227145
0.7992586
0.7724394
0.7314641
0.6631864
0.4943782
0.4247676
0.2636936
0.5622754
0.8351632
0.8241166
0.9467672
0.9272365
0.9039655
0.8768586
0.795572
0.7481452
0.6316327
0.4913062
0.396899
0.2138268
0.09395029
0.4997053
0.7162299
0.709846
0.780888
0.8640924
0.9936155
0.9610519
0.9303487
0.8971969
0.8101593
0.6980838
0.6194158
0.463926
0.3615512
0.1658093
0.0390347
0
0
0
0
0
0
0
0
0
0
0
0
0
0
0
0
0
0
0
0
0
0
0.1268703
0.4026588
0.42267
0.423169
0.4178653
0.4383821
0.4320193
0.416741
0.3804367
0.3154669
0.2291579
0.1182126
0.04484469
0
0
