0
0
0
0
0
0
0.9586515
0.9515896
0.9195312
0.9940003
0.9602345
0.9300821
0.8573411
0.8043938
0.6930966
0.6183819
0.4678855
0.3698937
0.3691411
0.3538226
0.301709
0.2677612
0.1882246
0.1385936
0.1452096
0.1388595
0.1321702
0.1258548
0.1674908
0.1466762
0.2673794
0.5460262
0.5399778
0.6768948
0.670413
0.6717121
0.7032083
0.682349
0.6648754
0.5761884
0.5347935
0.5618715
0.545571
0.5709357
0.5506486
0.5316253
0.5457468
0.5397451
0.4841818
0.4542525
0.4904524
0.4720141
0.450847
0.4943651
0.4931192
0.4739237
0.6826325
0.6517741
0.6493823
0.803535
0.7891017
0.7392707
0.70109
0.6391077
0.6965499
0.6774667
0.6549239
0.5958328
0.5515484
0.4490352
0.3817473
0.2640597
0.256862
0.7890053
0.7817265
0.7493964
0.7203559
0.687649
0.8471782
0.8163123
0.7878112
0.7135864
0.6580349
0.6132005
0.8327177
0.8022203
0.7737182
0.7017426
0.6583769
0.678582
0.6629162
0.6162055
0.5787776
0.4940165
0.4343503
0.2964957
0.2133776
0.04791103
0
0
0.03718181
0.002574532
0
0
0
0
0.1691653
0.2131433
0.3644198
0.8656854
0.9367865
0.9027686
0.8787705
0.8606304
0.9931825
0.9619598
0.9333075
0.8622072
0.8109372
0.9423711
0.9349529
0.90206
0.8713484
0.7981188
0.7450033
0.6333099
0.5582101
0.3907932
0.2910634
0.1006067
0.1400747
0.1216806
0.1008132
0.03811471
0.6877788
0.7924132
0.829923
0.7985855
0.7694273
0.6934685
0.6387464
0.5856641
0.4824162
0.6173494
0.6102386
0.5775223
0.5471709
0.4704029
0.4175263
0.3051904
0.2297913
0.1628275
0.1807921
0.1472948
0.1262377
0.1201177
0.5484375
0.5147132
0.4852764
0.7336262
0.7343833
0.7532293
0.9527381
0.9220415
0.8937394
0.8190606
0.7716771
0.6681389
0.6066354
0.4727085
0.3941383
0.2259392
0.03791566
0
0
0
0
0
0
0
0
0
0
0.5522736
0.7473345
0.7291176
0.6852774
0.6522081
0.7128906
0.7069913
0.6749758
0.6512008
0.5482698
0.5009084
0.502212
0.4838835
0.4967527
0.491302
0.4769574
0.4984746
0.4913346
0.458744
0.4289665
0.5607581
0.5536289
0.5211056
0.4907299
0.6473423
0.6932909
0.8434014
0.973886
0.9422011
0.9134306
0.8354849
0.7829913
0.6725274
0.5983477
0.6800752
0.6726694
0.6400109
0.6103908
0.5390041
0.5588886
0.525508
0.4963405
0.4257232
0.3732491
0.3591322
0.3509052
0.3178357
0.3554217
0.3370695
0.4534663
0.4189743
0.8815191
0.9132676
0.9060391
0.8726784
0.8430499
0.9450328
0.9378484
0.905296
0.8754532
0.8037678
0.8305948
0.7965831
0.8143849
0.7835968
0.7549465
0.6850981
0.6338528
0.7267165
0.8937063
0.9470105
0.9398564
0.9070199
0.8765004
0.8035724
0.7505464
0.8576414
0.8946347
0.8739989
0.8829322
0.855226
0.8480967
0.8150878
0.7846143
0.7060516
0.6521087
0.5402796
0.4644061
0.3114715
0.2131702
0.005299389
0
0
0.4150645
0.3964389
0.3742618
0.3106964
0.2655475
0.1663909
0.09708861
0
0
0.8959001
1
0.9850792
0.9768229
0.9417347
0.9104167
0.9254573
0.9183289
1
0.9928473
0.9603438
0.9309473
0.8593965
0.805806
0.6848732
0.7776586
0.7465997
0.7180296
0.6473046
0.5964845
0.4879277
0.4134752
0.2502561
0.1496927
0.1474889
0.2199845
0.4484021
0.8894119
0.8687387
0.8513682
0.7990109
0.7647783
0.629203
0.570614
0.5142936
0.5766208
0.5694543
0.555696
0.5101871
0.4441041
0.4025578
0.2470347
0.1809478
0.1784298
0.1722478
0.1596804
0.1165411
0.3846205
0.3784272
0.347997
0.3229004
0.2562072
0.6258828
0.6196609
0.6082532
0.6022357
0.5707039
0.5474843
0.4437043
0.4281622
0.4092339
0.3657485
0.3301416
0.2478054
0.1896169
0.06884287
0
0
0
0
0
0
0
0
0
0
0.6920576
0.8833135
0.9351914
0.9045686
0.8761761
0.7996336
0.7475048
0.636829
0.6729569
0.65466
0.633393
0.5704676
0.5256144
0.4607553
0.4536444
0.4180295
0.3870323
0.3126123
0.2598318
0.2943205
0.2875026
0.2570489
0.387859
0.6688277
0.6614912
0.6289502
0.654873
0.8564906
0.8421336
0.7954896
0.7582726
0.665092
0.608748
0.5903199
0.5690551
0.5117191
0.4675245
0.46032
0.4920606
0.4616806
0.4328188
0.3621802
0.311355
0.1927461
0.1107494
0
0.08707274
0.0562874
0.02380607
0
0
0.7562184
0.9936483
0.9810221
0.9363536
0.8615825
0.8090017
0.6987418
0.6245423
0.4795402
0.4722833
0.439546
0.4095484
0.5380122
0.5300923
0.4968459
0.4670445
0.39431
0.6680808
0.7285668
0.721407
0.688607
0.6801336
0.6479725
0.6182759
0.6417837
0.7577281
0.7390512
0.931954
0.8976695
0.8670746
0.7950448
0.8745683
0.8437833
0.8151288
0.7391317
0.686808
0.5762593
0.5002531
0.3509932
0.2541839
0.06942733
0.06207046
0.02574948
0
0
0
0
0
0
0
0.5085835
0.8737564
0.835816
0.8113343
0.7474855
0.6631811
0.7094395
0.6889424
0.6716223
0.6093823
0.6031567
0.5907688
0.5478061
0.483588
0.4424241
0.2879181
0.2222901
0.1573443
0.1385388
0.1197174
0.0651398
0.02904168
0
0.06143379
0.02310241
0
0.4995712
0.837867
0.8195204
0.7744275
0.7376609
0.6539407
0.59597
0.4626792
0.5636109
0.5451002
0.679378
0.6601846
0.6367834
0.5785018
0.5331694
0.4350624
0.3673579
0.3226613
0.315321
0.2824404
0.249862
0.2147615
0.4850249
0.4641541
0.4409706
0.6543134
0.7538098
0.7354531
0.7141975
0.6947079
0.6877745
0.6541016
0.6237055
0.590645
0.4990259
0.3872163
0.3125537
0.147069
0.04964024
0
0
0
0
0
0
0
0
0
1
1
0.9818444
1
0.992817
0.9601726
0.9306411
0.8582502
0.8053583
0.6891035
0.6136028
0.4579431
0.3581996
0.1675144
0.04454303
0.09183725
0.08436608
0.05118324
0.01991548
0
0
0
0
0.02525921
0.0612357
0.03031386
0.001808532
0.8427606
0.8284922
0.7831186
0.7450714
0.6528023
0.5914932
0.4645787
0.3818067
0.2173458
0.1116766
0.2218207
0.2065403
0.1860047
0.1782073
0.300602
0.2935364
0.2605597
0.2961229
0.2656093
0.2371781
0.1606435
0.1483128
0.1217179
0.1144516
0.08064919
0.2914256
1
0.9939181
0.9600673
0.9300027
0.857873
0.8060382
0.6937713
0.6169024
0.4672121
0.3701762
0.4459154
0.4386083
0.405303
0.3756066
0.2987801
0.2510471
0.2619332
0.2559292
0.3150673
0.3087987
0.2767719
0.2262538
0.2050993
0.1878304
0.2156316
0.2093553
0.7740719
0.7678365
0.7554433
0.7122869
0.6020044
0.5538602
0.4407683
0.3739489
0.2228983
0.04441254
0
0
0
0
0
0
0.3882044
0.5399513
0.5273766
0.4849408
0.4110438
0.359931
0.2507308
0.1772168
0.8068903
0.9939715
0.9603922
0.9312003
0.85953
0.8082207
0.689208
0.6145978
0.4655794
0.3652241
0.1749811
0.05581962
0
0
0
0
0
0
0
0
0
0
0
0
0.4954234
0.7639713
0.7328436
0.7043076
0.6290826
0.5773915
0.4669495
0.3938763
0.2293473
0.1304871
0
0
0
0
0
0
0
0
0
0
0
0
0
0
0
0.1363743
0.8516998
0.8374944
0.7927601
0.7563617
0.6658637
0.6070281
0.4812278
0.396984
0.2347344
0.1301071
0
0
0
0
0
0
0
0
0
0
0
0
0
0
0.5172849
0.8409852
0.8074481
0.7784151
0.7076919
0.6535098
0.5431112
0.4692057
0.3171233
0.2200824
0.01764308
0.00491027
0
0
0
0
0
0
0
0
0
0
0
0
0
0
0.6759438
0.9115391
0.8773862
0.8475507
0.7761533
0.7233136
0.6133459
0.5374054
0.3747309
0.2777772
0.0798862
0
0
0
0
0
0
0
0
0
0
0
0
0
0
0.04968365
0.0512925
0.1769876
0.7370872
0.9033632
0.8827159
0.8141412
0.779612
0.6938101
0.5823536
0.507502
0.3571685
0.2724843
0.09866425
0.02819133
0.008010092
0.04998882
0.01210233
0
0.03210028
0.02002479
0.1902515
0.2449811
0.2371256
0.2041763
0.1740434
0.1013887
0.04831688
0
0.05310186
0.8280629
0.8138568
0.7648757
0.7276491
0.6424695
0.5821847
0.4577664
0.374019
0.1982053
0.09316495
0
0
0
0
0
0
0.270604
0.5081635
0.4750749
0.4459456
0.3751947
0.3235656
0.2048354
0.5847967
0.9478474
0.9339677
0.8855532
0.8483564
0.7614692
0.6987906
0.5715733
0.4853153
0.3179024
0.2096285
0.005443634
0
0
0.284851
0.2534938
0.2246511
0.154809
0.1042006
0
0
0
0
0
0
0.7192838
0.8923607
0.8588614
0.8301427
0.7597082
0.7081892
0.5890077
0.5145242
0.3646019
0.2682583
0.08352677
0.07646963
0.04372127
0.01412731
0
0
0
0
0
0
0
0
0
0
0.05170218
0.9132228
0.916437
0.9006922
0.8544102
0.8168023
0.7324818
0.6730908
0.6730908
0.4246521
0.4246521
0.1388145
0.1388145
0
0
0
0
0
0
0
0
0
0
0
0
0
0.77435
0.7561951
0.7343628
0.6714023
0.6312686
0.5417851
0.4853429
0.3621351
0.2899311
0.04474825
0
0
0
0
0
0
0
0
0
0
0
0
0.006138361
0
0
0.915318
0.9090699
0.8772846
0.8538707
0.7897754
0.7455564
0.5883994
0.522897
0.3760782
0.2040679
0.1400526
0.1487803
0.2045076
0.1711416
0.1427192
0.1836778
0.2229413
0.1921917
0.1632079
0.09325105
0.07724348
0.1038276
0.1007942
0.1004978
0.08518972
0.3215381
0.3733068
1
0.9928119
0.9569775
0.9267206
0.853972
0.797657
0.6854515
0.611539
0.4479388
0.3650422
0.3737384
0.3667585
0.330876
0.3949839
0.3768947
0.3559504
0.3282337
0.2551548
0.4109472
0.4104941
0.3796669
0.3509409
0.2815453
0.2309057
0.1852641
0.5516686
0.8980635
0.8842898
0.8358737
0.798186
0.7133096
0.6536539
0.5195071
0.4372728
0.2601687
0.1541344
0
0
0
0
0
0.3888194
0.4509447
0.4355712
0.387575
0.3488615
0.2607666
0.198905
0.06856703
0.8484051
0.9934956
0.9783505
0.9309609
0.8920041
0.8505026
0.7508595
0.6237862
0.5382246
0.371311
0.2612146
0.05536614
0.06490181
0.03251485
0.1149821
0.08290551
0.05178954
0.0181083
0
0
0
0
0
0
0
0
0.8487856
0.8283219
0.805574
0.7785796
0.7018542
